1.355669881405222213e+03
1.271080152353585390e+03
1.191825767398722746e+03
1.117570209225405733e+03
1.047998185748057722e+03
9.828142913672418217e+02
9.217417526650009449e+02
8.645212532132345586e+02
8.109098325051871825e+02
7.606798543348727435e+02
7.136180402441268598e+02
6.695245639332606515e+02
6.282122027901529009e+02
5.895055429351264138e+02
5.532402344062044222e+02
5.192622933222286292e+02
4.874274480607945748e+02
4.576005266748466056e+02
4.296548829468803774e+02
4.034718586437525119e+02
3.789402796888091416e+02
3.559559841120600368e+02
3.344213797740527525e+02
3.142450299855257185e+02
2.953412652633617199e+02
2.776298195743445945e+02
2.610354895221893798e+02
2.454878150307457645e+02
2.309207801675369751e+02
2.172725328373219327e+02
2.044851221554849587e+02
1.925042523861324923e+02
1.812790524001033532e+02
1.707618596740059616e+02
1.609080179131295552e+02
1.516756874389310497e+02
1.430256675359913743e+02
1.349212300041223216e+02
1.273279632088763123e+02
1.202136259682930870e+02
1.135480106554787909e+02
1.073028149357458290e+02
1.014515215937042854e+02
9.596928594004484125e+01
9.083283031993838108e+01
8.602034527513045248e+01
8.151139694005946978e+01
7.728684027880088081e+01
7.332873779443552564e+01
6.962028336567955478e+01
6.614573088738410434e+01
6.289032741190717957e+01
5.984025050747465713e+01
5.698254956755119593e+01
5.430509082201764670e+01
5.179650581667051767e+01
4.944614314228501684e+01
4.724402320828178148e+01
4.518079586896348587e+01
4.324770072240112029e+01
4.143652991339744318e+01
3.973959328258697354e+01
3.814968571369454509e+01
3.666005654030710303e+01
3.526438088225898326e+01
3.395673278992341437e+01
3.273156008238026971e+01
3.158366077262115468e+01
3.050816097969292073e+01
2.950049423399309134e+01
2.855638208784716525e+01
2.767181594903896524e+01
2.684304006015890565e+01
2.606653555149910062e+01
2.533900549978411476e+01
2.465736092929559931e+01
2.401870769595048927e+01
2.342033419864339905e+01
2.285969986567357992e+01
2.233442436737020387e+01
2.184227750911193056e+01
2.138116976182664075e+01
2.094914338976236934e+01
2.054436413785882110e+01
2.016511344342292489e+01
1.980978113903896087e+01
1.947685861572966459e+01
1.916493241733900277e+01
1.887267823893743923e+01
1.859885530376731211e+01
1.834230109485238813e+01
1.810192641890167664e+01
1.787671078154859217e+01
1.766569805428900608e+01
1.746799241471900999e+01
1.728275454283530266e+01
1.710919805724705256e+01
1.694658617616709151e+01
1.679422858900564464e+01
1.665147852528216887e+01
1.651773000841071948e+01
1.639241528269772630e+01
1.627500240262739695e+01
1.616499297419860781e+01
1.606192003872286733e+01
1.596534609009807326e+01
1.587486121713917342e+01
1.579008136307790977e+01
1.571064669484158216e+01
1.563622007518671353e+01
1.556648563119997064e+01
1.550114741308856559e+01
1.543992813756489291e+01
1.538256801048999201e+01
1.532882362377672081e+01
1.527846692186871635e+01
1.523128423340691207e+01
1.518707536397189806e+01
1.514565274605004852e+01
1.510684064261389992e+01
1.507047440093533552e+01
1.503639975346320234e+01
1.500447216279677143e+01
1.497455620797381926e+01
1.494652500946757101e+01
1.492025969045085532e+01
1.489564887204009658e+01
1.487258820037593132e+01
1.485097990353229847e+01
1.483073237637271191e+01
1.481175979159103484e+01
1.479398173528512572e+01
1.477732286551606933e+01
1.476171259240304323e+01
1.474708477839582699e+01
1.473337745745194027e+01
1.472053257192621700e+01
1.470849572605564326e+01
1.469721595499271238e+01
1.468664550840639293e+01
1.467673964773242012e+01
1.466745645621134386e+01
1.465875666090830087e+01
1.465060346595843122e+01
1.464296239633018359e+01
1.463580115144276306e+01
1.462908946801669607e+01
1.462279899157452512e+01
1.461690315604663937e+01
1.461137707097056904e+01
1.460619741580507203e+01
1.460134234091017547e+01
1.459679137477267119e+01
1.459252533708323618e+01
1.458852625729605101e+01
1.458477729832511827e+01
1.458126268505333201e+01
1.457796763735063195e+01
1.457487830731702338e+01
1.457198172048381579e+01
1.456926572072344861e+01
1.456671891863416413e+01
1.456433064318007986e+01
1.456209089638159249e+01
1.455999031086351891e+01
1.455802011008082886e+01
1.455617207105315103e+01
1.455443848944961083e+01
1.455281214687598101e+01
1.455128628022505843e+01
1.454985455296025698e+01
1.454851102821043440e+01
1.454725014356171719e+01
1.454606668743924303e+01
1.454495577697864661e+01
1.454391283729322559e+01
1.454293358204876796e+01
1.454201399526368554e+01
1.454115031425691917e+01
1.454033901367153625e+01
1.453957679050586371e+01
1.453886055008892342e+01
1.453818739294021434e+01
1.453755460245856312e+01
1.453695963338718933e+01
1.453640010100663105e+01
1.453587377100896916e+01
1.453537855001102486e+01
1.453491247666568320e+01
1.453447371333401605e+01
1.453406053828260447e+01
1.453367133837296699e+01
1.453330460221217457e+01
1.453295891373535831e+01
1.453263294619319801e+01
1.453232545651832019e+01
1.453203528004737954e+01
1.453176132557575961e+01
1.453150257072432616e+01
1.453125805759838585e+01
1.453102688872045256e+01
1.453080822321950727e+01
1.453060127326068773e+01
1.453040530070009950e+01
1.453021961395065986e+01
1.453004356504559347e+01
1.452987654688717889e+01
1.452971799066900971e+01
1.452956736346081001e+01
1.452942416594564889e+01
1.452928793029977506e+01
1.452915821820633901e+01
1.452903461899420989e+01
1.452891674789431420e+01
1.452880424440590090e+01
1.452869677076584409e+01
1.452859401051455457e+01
1.452849566715222807e+01
1.452840146287999090e+01
1.452831113742030489e+01
1.452822444691191173e+01
1.452814116287432356e+01
1.452806107123776869e+01
1.452798397143426179e+01
1.452790967554594914e+01
1.452783800750730236e+01
1.452776880235747825e+01
1.452770190553995278e+01
1.452763717224628159e+01
1.452757446680125852e+01
1.452751366208685724e+01
1.452745463900246747e+01
1.452739728595925506e+01
1.452734149840634537e+01
1.452728717838694372e+01
1.452723423412239079e+01
1.452718257962251691e+01
1.452713213432048711e+01
1.452708282273083285e+01
1.452703457412887289e+01
1.452698732225045930e+01
1.452694100501062913e+01
1.452689556424003037e+01
1.452685094543796573e+01
1.452680709754092092e+01
1.452676397270587216e+01
1.452672152610707990e+01
1.452667971574582673e+01
1.452663850227206943e+01
1.452659784881744365e+01
1.452655772083866026e+01
1.452651808597087602e+01
1.452647891389034918e+01
1.452644017618561811e+01
1.452640184623694530e+01
1.452636389910329129e+01
1.452632631141640118e+01
1.452628906128169994e+01
1.452625212818519529e+01
1.452621549290654279e+01
1.452617913743735301e+01
1.452614304490481345e+01
1.452610719950002505e+01
1.452607158641091445e+01
1.452603619175935812e+01
1.452600100254226412e+01
1.452596600657641979e+01
1.452593119244670561e+01
1.452589654945773212e+01
1.452586206758840248e+01
1.452582773744936695e+01
1.452579355024322538e+01
1.452575949772713493e+01
1.452572557217788685e+01
1.452569176635906700e+01
1.452565807349044746e+01
1.452562448721909938e+01
1.452559100159253092e+01
1.452555761103340259e+01
1.452552431031582714e+01
1.452549109454329113e+01
1.452545795912775617e+01
1.452542489977033924e+01
1.452539191244296291e+01
1.452535899337134140e+01
1.452532613901895786e+01
1.452529334607202394e+01
1.452526061142552471e+01
1.452522793216994224e+01
1.452519530557901284e+01
1.452516272909810979e+01
1.452513020033346258e+01
1.452509771704199970e+01
1.452506527712177764e+01
1.452503287860320569e+01
1.452500051964059402e+01
1.452496819850437326e+01
1.452493591357377412e+01
1.452490366332998661e+01
1.452487144634966576e+01
1.452483926129896474e+01
1.452480710692789501e+01
1.452477498206498652e+01
1.452474288561237614e+01
1.452471081654117135e+01
1.452467877388705730e+01
1.452464675674627337e+01
1.452461476427176379e+01
1.452458279566959476e+01
1.452455085019563086e+01
1.452451892715237669e+01
1.452448702588604412e+01
1.452445514578378294e+01
1.452442328627112289e+01
1.452439144680951522e+01
1.452435962689409266e+01
1.452432782605156447e+01
1.452429604383817541e+01
1.452426427983789203e+01
1.452423253366059086e+01
1.452420080494050758e+01
1.452416909333465789e+01
1.452413739852137020e+01
1.452410572019899071e+01
1.452407405808460616e+01
1.452404241191284484e+01
1.452401078143480007e+01
1.452397916641695907e+01
1.452394756664026332e+01
1.452391598189916522e+01
1.452388441200080926e+01
1.452385285676422377e+01
1.452382131601953041e+01
1.452378978960730116e+01
1.452375827737786551e+01
1.452372677919071542e+01
1.452369529491391198e+01
1.452366382442355430e+01
1.452363236760325371e+01
1.452360092434369321e+01
1.452356949454215318e+01
1.452353807810209396e+01
1.452350667493280234e+01
1.452347528494899898e+01
1.452344390807046715e+01
1.452341254422178274e+01
1.452338119333200517e+01
1.452334985533435407e+01
1.452331853016598018e+01
1.452328721776773968e+01
1.452325591808389404e+01
1.452322463106195016e+01
1.452319335665246136e+01
1.452316209480877696e+01
1.452313084548691968e+01
1.452309960864538674e+01
1.452306838424505209e+01
1.452303717224890711e+01
1.452300597262204818e+01
1.452297478533144393e+01
1.452294361034589443e+01
1.452291244763586775e+01
1.452288129717340581e+01
1.452285015893203024e+01
1.452281903288666776e+01
1.452278791901350630e+01
1.452275681728997903e+01
1.452272572769463821e+01
1.452269465020713213e+01
1.452266358480807895e+01
1.452263253147905075e+01
1.452260149020250068e+01
1.452257046096167414e+01
1.452253944374063899e+01
1.452250843852414874e+01
1.452247744529766038e+01
1.452244646404721529e+01
1.452241549475950322e+01
1.452238453742176993e+01
1.452235359202173015e+01
1.452232265854765814e+01
1.452229173698821363e+01
1.452226082733255197e+01
1.452222992957020331e+01
1.452219904369106374e+01
1.452216816968540769e+01
1.452213730754381693e+01
1.452210645725720894e+01
1.452207561881677123e+01
1.452204479221398437e+01
1.452201397744055456e+01
1.452198317448846865e+01
1.452195238334989646e+01
1.452192160401724941e+01
1.452189083648312362e+01
1.452186008074029999e+01
1.452182933678174770e+01
1.452179860460056027e+01
1.452176788419004616e+01
1.452173717554359733e+01
1.452170647865477804e+01
1.452167579351724669e+01
1.452164512012480913e+01
1.452161445847137422e+01
1.452158380855094677e+01
1.452155317035763105e+01
1.452152254388561303e+01
1.452149192912920483e+01
1.452146132608273810e+01
1.452143073474068657e+01
1.452140015509752224e+01
1.452136958714784676e+01
1.452133903088629729e+01
1.452130848630755366e+01
1.452127795340638450e+01
1.452124743217758507e+01
1.452121692261601460e+01
1.452118642471657495e+01
1.452115593847418218e+01
1.452112546388383585e+01
1.452109500094056749e+01
1.452106454963939086e+01
1.452103410997543520e+01
1.452100368194378888e+01
1.452097326553960954e+01
1.452094286075807616e+01
1.452091246759438192e+01
1.452088208604376263e+01
1.452085171610146475e+01
1.452082135776275429e+01
1.452079101102291503e+01
1.452076067587727337e+01
1.452073035232115039e+01
1.452070004034990092e+01
1.452066973995886379e+01
1.452063945114344001e+01
1.452060917389900396e+01
1.452057890822098685e+01
1.452054865410476836e+01
1.452051841154580458e+01
1.452048818053952850e+01
1.452045796108140685e+01
1.452042775316687973e+01
1.452039755679142630e+01
1.452036737195053995e+01
1.452033719863969807e+01
1.452030703685440294e+01
1.452027688659016036e+01
1.452024674784249747e+01
1.452021662060691654e+01
1.452018650487894824e+01
1.452015640065413393e+01
1.452012630792800962e+01
1.452009622669613087e+01
1.452006615695403369e+01
1.452003609869729495e+01
1.452000605192145777e+01
1.451997601662209725e+01
1.451994599279479026e+01
1.451991598043510834e+01
1.451988597953863724e+01
1.451985599010095207e+01
1.451982601211764390e+01
1.451979604558433046e+01
1.451976609049657618e+01
1.451973614684998637e+01
1.451970621464018052e+01
1.451967629386274439e+01
1.451964638451331702e+01
1.451961648658748416e+01
1.451958660008087776e+01
1.451955672498911021e+01
1.451952686130780634e+01
1.451949700903258922e+01
1.451946716815908722e+01
1.451943733868294117e+01
1.451940752059977768e+01
1.451937771390523757e+01
1.451934791859494212e+01
1.451931813466453747e+01
1.451928836210966978e+01
1.451925860092599052e+01
1.451922885110914407e+01
1.451919911265477658e+01
1.451916938555854664e+01
1.451913966981610393e+01
1.451910996542310173e+01
1.451908027237519860e+01
1.451905059066806558e+01
1.451902092029735769e+01
1.451899126125874240e+01
1.451896161354788006e+01
1.451893197716044526e+01
1.451890235209210900e+01
1.451887273833853698e+01
1.451884313589541975e+01
1.451881354475841768e+01
1.451878396492321066e+01
1.451875439638548926e+01
1.451872483914091916e+01
1.451869529318519270e+01
1.451866575851401109e+01
1.451863623512303825e+01
1.451860672300797184e+01
1.451857722216451130e+01
1.451854773258833120e+01
1.451851825427514520e+01
1.451848878722064384e+01
1.451845933142052836e+01
1.451842988687048042e+01
1.451840045356621722e+01
1.451837103150344532e+01
1.451834162067786949e+01
1.451831222108518737e+01
1.451828283272110376e+01
1.451825345558134650e+01
1.451822408966162747e+01
1.451819473495763368e+01
1.451816539146510721e+01
1.451813605917975281e+01
1.451810673809730368e+01
1.451807742821346636e+01
1.451804812952395807e+01
1.451801884202452442e+01
1.451798956571085242e+01
1.451796030057872322e+01
1.451793104662383271e+01
1.451790180384190698e+01
1.451787257222868277e+01
1.451784335177991281e+01
1.451781414249130719e+01
1.451778494435861866e+01
1.451775575737758039e+01
1.451772658154393625e+01
1.451769741685342829e+01
1.451766826330178972e+01
1.451763912088478925e+01
1.451760998959814764e+01
1.451758086943762649e+01
1.451755176039898032e+01
1.451752266247794587e+01
1.451749357567029897e+01
1.451746449997177280e+01
1.451743543537813963e+01
1.451740638188515042e+01
1.451737733948856857e+01
1.451734830818415922e+01
1.451731928796767512e+01
1.451729027883488321e+01
1.451726128078156464e+01
1.451723229380346680e+01
1.451720331789638152e+01
1.451717435305606152e+01
1.451714539927828973e+01
1.451711645655884730e+01
1.451708752489348697e+01
1.451705860427800587e+01
1.451702969470818694e+01
1.451700079617980776e+01
1.451697190868863530e+01
1.451694303223048976e+01
1.451691416680110258e+01
1.451688531239630642e+01
1.451685646901186821e+01
1.451682763664361175e+01
1.451679881528728622e+01
1.451677000493870828e+01
1.451674120559368042e+01
1.451671241724796957e+01
1.451668363989741550e+01
1.451665487353779582e+01
1.451662611816491477e+01
1.451659737377457127e+01
1.451656864036258021e+01
1.451653991792474407e+01
1.451651120645687065e+01
1.451648250595477130e+01
1.451645381641425736e+01
1.451642513783114730e+01
1.451639647020124357e+01
1.451636781352038419e+01
1.451633916778437161e+01
1.451631053298902785e+01
1.451628190913016780e+01
1.451625329620362415e+01
1.451622469420522599e+01
1.451619610313078468e+01
1.451616752297614532e+01
1.451613895373711038e+01
1.451611039540954629e+01
1.451608184798926438e+01
1.451605331147209377e+01
1.451602478585388312e+01
1.451599627113047042e+01
1.451596776729767768e+01
1.451593927435137488e+01
1.451591079228736625e+01
1.451588232110152887e+01
1.451585386078968476e+01
1.451582541134769855e+01
1.451579697277141889e+01
1.451576854505666603e+01
1.451574012819933301e+01
1.451571172219524719e+01
1.451568332704026965e+01
1.451565494273025791e+01
1.451562656926107309e+01
1.451559820662856026e+01
1.451556985482860718e+01
1.451554151385704294e+01
1.451551318370975352e+01
1.451548486438261065e+01
1.451545655587145589e+01
1.451542825817218763e+01
1.451539997128065984e+01
1.451537169519274073e+01
1.451534342990431092e+01
1.451531517541125105e+01
1.451528693170944351e+01
1.451525869879474229e+01
1.451523047666304755e+01
1.451520226531023106e+01
1.451517406473217520e+01
1.451514587492478547e+01
1.451511769588391942e+01
1.451508952760547722e+01
1.451506137008534836e+01
1.451503322331943480e+01
1.451500508730361361e+01
1.451497696203378318e+01
1.451494884750583836e+01
1.451492074371567753e+01
1.451489265065920975e+01
1.451486456833231564e+01
1.451483649673092202e+01
1.451480843585089531e+01
1.451478038568818185e+01
1.451475234623866051e+01
1.451472431749825098e+01
1.451469629946287654e+01
1.451466829212841958e+01
1.451464029549080870e+01
1.451461230954595827e+01
1.451458433428978445e+01
1.451455636971820162e+01
1.451452841582712772e+01
1.451450047261249487e+01
1.451447254007021392e+01
1.451444461819620457e+01
1.451441670698641317e+01
1.451438880643673635e+01
1.451436091654312399e+01
1.451433303730151003e+01
1.451430516870782128e+01
1.451427731075797212e+01
1.451424946344792488e+01
1.451422162677360284e+01
1.451419380073094523e+01
1.451416598531589486e+01
1.451413818052436966e+01
1.451411038635234796e+01
1.451408260279576545e+01
1.451405482985054540e+01
1.451402706751265370e+01
1.451399931577803493e+01
1.451397157464263010e+01
1.451394384410242466e+01
1.451391612415333832e+01
1.451388841479131564e+01
1.451386071601234740e+01
1.451383302781237639e+01
1.451380535018737028e+01
1.451377768313327721e+01
1.451375002664606129e+01
1.451372238072169552e+01
1.451369474535613513e+01
1.451366712054536023e+01
1.451363950628532429e+01
1.451361190257201628e+01
1.451358430940138788e+01
1.451355672676943342e+01
1.451352915467209925e+01
1.451350159310538857e+01
1.451347404206527614e+01
1.451344650154772964e+01
1.451341897154874161e+01
1.451339145206427972e+01
1.451336394309034894e+01
1.451333644462291872e+01
1.451330895665797627e+01
1.451328147919152656e+01
1.451325401221953371e+01
1.451322655573801512e+01
1.451319910974295446e+01
1.451317167423033894e+01
1.451314424919616819e+01
1.451311683463646141e+01
1.451308943054720046e+01
1.451306203692436192e+01
1.451303465376399160e+01
1.451300728106207139e+01
1.451297991881461336e+01
1.451295256701761005e+01
1.451292522566709486e+01
1.451289789475906744e+01
1.451287057428952210e+01
1.451284326425450466e+01
1.451281596464999168e+01
1.451278867547203610e+01
1.451276139671662158e+01
1.451273412837980281e+01
1.451270687045758478e+01
1.451267962294597247e+01
1.451265238584101525e+01
1.451262515913872875e+01
1.451259794283513926e+01
1.451257073692627486e+01
1.451254354140816361e+01
1.451251635627684955e+01
1.451248918152833767e+01
1.451246201715869866e+01
1.451243486316394105e+01
1.451240771954011777e+01
1.451238058628326399e+01
1.451235346338939891e+01
1.451232635085460565e+01
1.451229924867489451e+01
1.451227215684633087e+01
1.451224507536493924e+01
1.451221800422679742e+01
1.451219094342792992e+01
1.451216389296438614e+01
1.451213685283224919e+01
1.451210982302754005e+01
1.451208280354632940e+01
1.451205579438466664e+01
1.451202879553863134e+01
1.451200180700425335e+01
1.451197482877761580e+01
1.451194786085477517e+01
1.451192090323180039e+01
1.451189395590474973e+01
1.451186701886969388e+01
1.451184009212269821e+01
1.451181317565984941e+01
1.451178626947720929e+01
1.451175937357083079e+01
1.451173248793683079e+01
1.451170561257125868e+01
1.451167874747019226e+01
1.451165189262971822e+01
1.451162504804591613e+01
1.451159821371486736e+01
1.451157138963266746e+01
1.451154457579538359e+01
1.451151777219912020e+01
1.451149097883995154e+01
1.451146419571397495e+01
1.451143742281727356e+01
1.451141066014595538e+01
1.451138390769610176e+01
1.451135716546382071e+01
1.451133043344520246e+01
1.451130371163634614e+01
1.451127700003335974e+01
1.451125029863232996e+01
1.451122360742937190e+01
1.451119692642058290e+01
1.451117025560208340e+01
1.451114359496996720e+01
1.451111694452035472e+01
1.451109030424934865e+01
1.451106367415306586e+01
1.451103705422761081e+01
1.451101044446911459e+01
1.451098384487368698e+01
1.451095725543743775e+01
1.451093067615650334e+01
1.451090410702699529e+01
1.451087754804503938e+01
1.451085099920675425e+01
1.451082446050826924e+01
1.451079793194571543e+01
1.451077141351522570e+01
1.451074490521291871e+01
1.451071840703492555e+01
1.451069191897738087e+01
1.451066544103642997e+01
1.451063897320819862e+01
1.451061251548882858e+01
1.451058606787446692e+01
1.451055963036123586e+01
1.451053320294528781e+01
1.451050678562277341e+01
1.451048037838982907e+01
1.451045398124259656e+01
1.451042759417723360e+01
1.451040121718987841e+01
1.451037485027669582e+01
1.451034849343383115e+01
1.451032214665743680e+01
1.451029580994367052e+01
1.451026948328868293e+01
1.451024316668864067e+01
1.451021686013970324e+01
1.451019056363803017e+01
1.451016427717979518e+01
1.451013800076112581e+01
1.451011173437822954e+01
1.451008547802724635e+01
1.451005923170435352e+01
1.451003299540573011e+01
1.451000676912752851e+01
1.450998055286593313e+01
1.450995434661712835e+01
1.450992815037727546e+01
1.450990196414254996e+01
1.450987578790914512e+01
1.450984962167322934e+01
1.450982346543098700e+01
1.450979731917859716e+01
1.450977118291225487e+01
1.450974505662812675e+01
1.450971894032242560e+01
1.450969283399131626e+01
1.450966673763101866e+01
1.450964065123769231e+01
1.450961457480755001e+01
1.450958850833677793e+01
1.450956245182158533e+01
1.450953640525815835e+01
1.450951036864269028e+01
1.450948434197139214e+01
1.450945832524047141e+01
1.450943231844611780e+01
1.450940632158454413e+01
1.450938033465195254e+01
1.450935435764454695e+01
1.450932839055855261e+01
1.450930243339016812e+01
1.450927648613560983e+01
1.450925054879107989e+01
1.450922462135282842e+01
1.450919870381701671e+01
1.450917279617991262e+01
1.450914689843770233e+01
1.450912101058661641e+01
1.450909513262289430e+01
1.450906926454274704e+01
1.450904340634238920e+01
1.450901755801806026e+01
1.450899171956598366e+01
1.450896589098238110e+01
1.450894007226350446e+01
1.450891426340557544e+01
1.450888846440482283e+01
1.450886267525747542e+01
1.450883689595979753e+01
1.450881112650799665e+01
1.450878536689833531e+01
1.450875961712703699e+01
1.450873387719035179e+01
1.450870814708452983e+01
1.450868242680581055e+01
1.450865671635043164e+01
1.450863101571466096e+01
1.450860532489471844e+01
1.450857964388689147e+01
1.450855397268741243e+01
1.450852831129253673e+01
1.450850265969851982e+01
1.450847701790161359e+01
1.450845138589809480e+01
1.450842576368419223e+01
1.450840015125619864e+01
1.450837454861035525e+01
1.450834895574293526e+01
1.450832337265021188e+01
1.450829779932842634e+01
1.450827223577387670e+01
1.450824668198280953e+01
1.450822113795150869e+01
1.450819560367624028e+01
1.450817007915328105e+01
1.450814456437890598e+01
1.450811905934939183e+01
1.450809356406101180e+01
1.450806807851005686e+01
1.450804260269279844e+01
1.450801713660552217e+01
1.450799168024451369e+01
1.450796623360605331e+01
1.450794079668643732e+01
1.450791536948193361e+01
1.450788995198885978e+01
1.450786454420348015e+01
1.450783914612209635e+01
1.450781375774101356e+01
1.450778837905651919e+01
1.450776301006490776e+01
1.450773765076247024e+01
1.450771230114553134e+01
1.450768696121035717e+01
1.450766163095327776e+01
1.450763631037058587e+01
1.450761099945856358e+01
1.450758569821356403e+01
1.450756040663187818e+01
1.450753512470979345e+01
1.450750985244364522e+01
1.450748458982973688e+01
1.450745933686438072e+01
1.450743409354389080e+01
1.450740885986458650e+01
1.450738363582277302e+01
1.450735842141479992e+01
1.450733321663694753e+01
1.450730802148557430e+01
1.450728283595698542e+01
1.450725766004750561e+01
1.450723249375346846e+01
1.450720733707118093e+01
1.450718218999700859e+01
1.450715705252724774e+01
1.450713192465825685e+01
1.450710680638633931e+01
1.450708169770785894e+01
1.450705659861914043e+01
1.450703150911650852e+01
1.450700642919632166e+01
1.450698135885491347e+01
1.450695629808861398e+01
1.450693124689378166e+01
1.450690620526676433e+01
1.450688117320388493e+01
1.450685615070150547e+01
1.450683113775597555e+01
1.450680613436364474e+01
1.450678114052085910e+01
1.450675615622397174e+01
1.450673118146934470e+01
1.450670621625332757e+01
1.450668126057229301e+01
1.450665631442256043e+01
1.450663137780052203e+01
1.450660645070254162e+01
1.450658153312495457e+01
1.450655662506415133e+01
1.450653172651648148e+01
1.450650683747830882e+01
1.450648195794603268e+01
1.450645708791598132e+01
1.450643222738454163e+01
1.450640737634810229e+01
1.450638253480300754e+01
1.450635770274565672e+01
1.450633288017241540e+01
1.450630806707965625e+01
1.450628326346376795e+01
1.450625846932112673e+01
1.450623368464811769e+01
1.450620890944112240e+01
1.450618414369651354e+01
1.450615938741069399e+01
1.450613464058005952e+01
1.450610990320096860e+01
1.450608517526983832e+01
1.450606045678304490e+01
1.450603574773698234e+01
1.450601104812805886e+01
1.450598635795265245e+01
1.450596167720715890e+01
1.450593700588799351e+01
1.450591234399155915e+01
1.450588769151423385e+01
1.450586304845243824e+01
1.450583841480255565e+01
1.450581379056101383e+01
1.450578917572422100e+01
1.450576457028856936e+01
1.450573997425046713e+01
1.450571538760634382e+01
1.450569081035259345e+01
1.450566624248564729e+01
1.450564168400189757e+01
1.450561713489777027e+01
1.450559259516969135e+01
1.450556806481407435e+01
1.450554354382733813e+01
1.450551903220590866e+01
1.450549452994619770e+01
1.450547003704463656e+01
1.450544555349765652e+01
1.450542107930167468e+01
1.450539661445313655e+01
1.450537215894845744e+01
1.450534771278406687e+01
1.450532327595640680e+01
1.450529884846191386e+01
1.450527443029699981e+01
1.450525002145812792e+01
1.450522562194173126e+01
1.450520123174423581e+01
1.450517685086209241e+01
1.450515247929174656e+01
1.450512811702964022e+01
1.450510376407220825e+01
1.450507942041591392e+01
1.450505508605718497e+01
1.450503076099247579e+01
1.450500644521825322e+01
1.450498213873095921e+01
1.450495784152704104e+01
1.450493355360294778e+01
1.450490927495515692e+01
1.450488500558010863e+01
1.450486074547426085e+01
1.450483649463408042e+01
1.450481225305602706e+01
1.450478802073656404e+01
1.450476379767214752e+01
1.450473958385925499e+01
1.450471537929433730e+01
1.450469118397387724e+01
1.450466699789434699e+01
1.450464282105220093e+01
1.450461865344392898e+01
1.450459449506598020e+01
1.450457034591485161e+01
1.450454620598700828e+01
1.450452207527893300e+01
1.450449795378709972e+01
1.450447384150798591e+01
1.450444973843808327e+01
1.450442564457386929e+01
1.450440155991182323e+01
1.450437748444844210e+01
1.450435341818020873e+01
1.450432936110358639e+01
1.450430531321510941e+01
1.450428127451123572e+01
1.450425724498847480e+01
1.450423322464329878e+01
1.450420921347222247e+01
1.450418521147174111e+01
1.450416121863834462e+01
1.450413723496852825e+01
1.450411326045879612e+01
1.450408929510565414e+01
1.450406533890561001e+01
1.450404139185515007e+01
1.450401745395078557e+01
1.450399352518903662e+01
1.450396960556640735e+01
1.450394569507939657e+01
1.450392179372451729e+01
1.450389790149828428e+01
1.450387401839721235e+01
1.450385014441782694e+01
1.450382627955662151e+01
1.450380242381013041e+01
1.450377857717487196e+01
1.450375473964735029e+01
1.450373091122410329e+01
1.450370709190165286e+01
1.450368328167651910e+01
1.450365948054522214e+01
1.450363568850429452e+01
1.450361190555026347e+01
1.450358813167965977e+01
1.450356436688901596e+01
1.450354061117485571e+01
1.450351686453372579e+01
1.450349312696214987e+01
1.450346939845666583e+01
1.450344567901380799e+01
1.450342196863012845e+01
1.450339826730216330e+01
1.450337457502643623e+01
1.450335089179950643e+01
1.450332721761792065e+01
1.450330355247820791e+01
1.450327989637693449e+01
1.450325624931063828e+01
1.450323261127585539e+01
1.450320898226915745e+01
1.450318536228709476e+01
1.450316175132620700e+01
1.450313814938305512e+01
1.450311455645420367e+01
1.450309097253619228e+01
1.450306739762559616e+01
1.450304383171897804e+01
1.450302027481288469e+01
1.450299672690386643e+01
1.450297318798851087e+01
1.450294965806338432e+01
1.450292613712504597e+01
1.450290262517005502e+01
1.450287912219498310e+01
1.450285562819642315e+01
1.450283214317090774e+01
1.450280866711505112e+01
1.450278520002539295e+01
1.450276174189852085e+01
1.450273829273102777e+01
1.450271485251945869e+01
1.450269142126042965e+01
1.450266799895050163e+01
1.450264458558624980e+01
1.450262118116427779e+01
1.450259778568115010e+01
1.450257439913346857e+01
1.450255102151782083e+01
1.450252765283076606e+01
1.450250429306892741e+01
1.450248094222889605e+01
1.450245760030724362e+01
1.450243426730058260e+01
1.450241094320549529e+01
1.450238762801856396e+01
1.450236432173642775e+01
1.450234102435566008e+01
1.450231773587285566e+01
1.450229445628463054e+01
1.450227118558757411e+01
1.450224792377829708e+01
1.450222467085341371e+01
1.450220142680952407e+01
1.450217819164322286e+01
1.450215496535114212e+01
1.450213174792988013e+01
1.450210853937604583e+01
1.450208533968625702e+01
1.450206214885713507e+01
1.450203896688529248e+01
1.450201579376733285e+01
1.450199262949988466e+01
1.450196947407958348e+01
1.450194632750301871e+01
1.450192318976682415e+01
1.450190006086763361e+01
1.450187694080207201e+01
1.450185382956676250e+01
1.450183072715831756e+01
1.450180763357337277e+01
1.450178454880859213e+01
1.450176147286055794e+01
1.450173840572592354e+01
1.450171534740132451e+01
1.450169229788338932e+01
1.450166925716877664e+01
1.450164622525409364e+01
1.450162320213599720e+01
1.450160018781111404e+01
1.450157718227609926e+01
1.450155418552758846e+01
1.450153119756223674e+01
1.450150821837668147e+01
1.450148524796756355e+01
1.450146228633153633e+01
1.450143933346525316e+01
1.450141638936535671e+01
1.450139345402850743e+01
1.450137052745135335e+01
1.450134760963053893e+01
1.450132470056274236e+01
1.450130180024460280e+01
1.450127890867278957e+01
1.450125602584395956e+01
1.450123315175475724e+01
1.450121028640186793e+01
1.450118742978194142e+01
1.450116458189165058e+01
1.450114174272765943e+01
1.450111891228663730e+01
1.450109609056523396e+01
1.450107327756014008e+01
1.450105047326802321e+01
1.450102767768555090e+01
1.450100489080939070e+01
1.450098211263623682e+01
1.450095934316273549e+01
1.450093658238559158e+01
1.450091383030148329e+01
1.450089108690706574e+01
1.450086835219904735e+01
1.450084562617408857e+01
1.450082290882888891e+01
1.450080020016012661e+01
1.450077750016449585e+01
1.450075480883866952e+01
1.450073212617934182e+01
1.450070945218321405e+01
1.450068678684695911e+01
1.450066413016728184e+01
1.450064148214087290e+01
1.450061884276442470e+01
1.450059621203463145e+01
1.450057358994821044e+01
1.450055097650183455e+01
1.450052837169221931e+01
1.450050577551605357e+01
1.450048318797005287e+01
1.450046060905093270e+01
1.450043803875535708e+01
1.450041547708006817e+01
1.450039292402176017e+01
1.450037037957715214e+01
1.450034784374293118e+01
1.450032531651583234e+01
1.450030279789257293e+01
1.450028028786983469e+01
1.450025778644436336e+01
1.450023529361284957e+01
1.450021280937203905e+01
1.450019033371863131e+01
1.450016786664935786e+01
1.450014540816093067e+01
1.450012295825007413e+01
1.450010051691352153e+01
1.450007808414798838e+01
1.450005565995019730e+01
1.450003324431688689e+01
1.450001083724479223e+01
1.449998843873061993e+01
1.449996604877112283e+01
1.449994366736301998e+01
1.449992129450305178e+01
1.449989893018795506e+01
1.449987657441446309e+01
1.449985422717930916e+01
1.449983188847924787e+01
1.449980955831100715e+01
1.449978723667131852e+01
1.449976492355694724e+01
1.449974261896462480e+01
1.449972032289109869e+01
1.449969803533310753e+01
1.449967575628740413e+01
1.449965348575075019e+01
1.449963122371987723e+01
1.449960897019154871e+01
1.449958672516251035e+01
1.449956448862952207e+01
1.449954226058933493e+01
1.449952004103870173e+01
1.449949782997438419e+01
1.449947562739314222e+01
1.449945343329173575e+01
1.449943124766692826e+01
1.449940907051547079e+01
1.449938690183413570e+01
1.449936474161969535e+01
1.449934258986890256e+01
1.449932044657854036e+01
1.449929831174535089e+01
1.449927618536612961e+01
1.449925406743764533e+01
1.449923195795666331e+01
1.449920985691994169e+01
1.449918776432429013e+01
1.449916568016644547e+01
1.449914360444323158e+01
1.449912153715138174e+01
1.449909947828770562e+01
1.449907742784896669e+01
1.449905538583196218e+01
1.449903335223346090e+01
1.449901132705025297e+01
1.449898931027913029e+01
1.449896730191687766e+01
1.449894530196028697e+01
1.449892331040612348e+01
1.449890132725120750e+01
1.449887935249232385e+01
1.449885738612626263e+01
1.449883542814981219e+01
1.449881347855977687e+01
1.449879153735295034e+01
1.449876960452613517e+01
1.449874768007612147e+01
1.449872576399971003e+01
1.449870385629371938e+01
1.449868195695493611e+01
1.449866006598016988e+01
1.449863818336623389e+01
1.449861630910992005e+01
1.449859444320803981e+01
1.449857258565741880e+01
1.449855073645483827e+01
1.449852889559714697e+01
1.449850706308111370e+01
1.449848523890359075e+01
1.449846342306136648e+01
1.449844161555127897e+01
1.449841981637013966e+01
1.449839802551476176e+01
1.449837624298195493e+01
1.449835446876857148e+01
1.449833270287140508e+01
1.449831094528729380e+01
1.449828919601306154e+01
1.449826745504552861e+01
1.449824572238151710e+01
1.449822399801788819e+01
1.449820228195142136e+01
1.449818057417898665e+01
1.449815887469740971e+01
1.449813718350351266e+01
1.449811550059413534e+01
1.449809382596611407e+01
1.449807215961628515e+01
1.449805050154148311e+01
1.449802885173856559e+01
1.449800721020435113e+01
1.449798557693568846e+01
1.449796395192942811e+01
1.449794233518239928e+01
1.449792072669146847e+01
1.449789912645347201e+01
1.449787753446524619e+01
1.449785595072365751e+01
1.449783437522554941e+01
1.449781280796776883e+01
1.449779124894718230e+01
1.449776969816063144e+01
1.449774815560497032e+01
1.449772662127706369e+01
1.449770509517376205e+01
1.449768357729193191e+01
1.449766206762842735e+01
1.449764056618011132e+01
1.449761907294385033e+01
1.449759758791650022e+01
1.449757611109493460e+01
1.449755464247600045e+01
1.449753318205657848e+01
1.449751172983354763e+01
1.449749028580376020e+01
1.449746884996410223e+01
1.449744742231142958e+01
1.449742600284262117e+01
1.449740459155455419e+01
1.449738318844411467e+01
1.449736179350816023e+01
1.449734040674356805e+01
1.449731902814723483e+01
1.449729765771602352e+01
1.449727629544682728e+01
1.449725494133653036e+01
1.449723359538200462e+01
1.449721225758013965e+01
1.449719092792782860e+01
1.449716960642195751e+01
1.449714829305941066e+01
1.449712698783706699e+01
1.449710569075184630e+01
1.449708440180059910e+01
1.449706312098027183e+01
1.449704184828771503e+01
1.449702058371985025e+01
1.449699932727354756e+01
1.449697807894573742e+01
1.449695683873329877e+01
1.449693560663313363e+01
1.449691438264214938e+01
1.449689316675724449e+01
1.449687195897532810e+01
1.449685075929330402e+01
1.449682956770807962e+01
1.449680838421655693e+01
1.449678720881564509e+01
1.449676604150225323e+01
1.449674488227330116e+01
1.449672373112568913e+01
1.449670258805634226e+01
1.449668145306217326e+01
1.449666032614010014e+01
1.449663920728702315e+01
1.449661809649987809e+01
1.449659699377556521e+01
1.449657589911104338e+01
1.449655481250318800e+01
1.449653373394895794e+01
1.449651266344523926e+01
1.449649160098899969e+01
1.449647054657714484e+01
1.449644950020660161e+01
1.449642846187431111e+01
1.449640743157718070e+01
1.449638640931215150e+01
1.449636539507616106e+01
1.449634438886614518e+01
1.449632339067904496e+01
1.449630240051176600e+01
1.449628141836126893e+01
1.449626044422448956e+01
1.449623947809836366e+01
1.449621851997982525e+01
1.449619756986583141e+01
1.449617662775331794e+01
1.449615569363922241e+01
1.449613476752050012e+01
1.449611384939408687e+01
1.449609293925694153e+01
1.449607203710601411e+01
1.449605114293823327e+01
1.449603025675056500e+01
1.449600937853997529e+01
1.449598850830339813e+01
1.449596764603778354e+01
1.449594679174010281e+01
1.449592594540730950e+01
1.449590510703635182e+01
1.449588427662419221e+01
1.449586345416780375e+01
1.449584263966413644e+01
1.449582183311015626e+01
1.449580103450282920e+01
1.449578024383911057e+01
1.449575946111596458e+01
1.449573868633038920e+01
1.449571791947930244e+01
1.449569716055971647e+01
1.449567640956857950e+01
1.449565566650288773e+01
1.449563493135958048e+01
1.449561420413565394e+01
1.449559348482807586e+01
1.449557277343383177e+01
1.449555206994988943e+01
1.449553137437323080e+01
1.449551068670083431e+01
1.449549000692969614e+01
1.449546933505676627e+01
1.449544867107905510e+01
1.449542801499354461e+01
1.449540736679720254e+01
1.449538672648704107e+01
1.449536609406003151e+01
1.449534546951316827e+01
1.449532485284343863e+01
1.449530424404784057e+01
1.449528364312335427e+01
1.449526305006698124e+01
1.449524246487571943e+01
1.449522188754656504e+01
1.449520131807651602e+01
1.449518075646255788e+01
1.449516020270170280e+01
1.449513965679094696e+01
1.449511911872729719e+01
1.449509858850774968e+01
1.449507806612931482e+01
1.449505755158898701e+01
1.449503704488378375e+01
1.449501654601070655e+01
1.449499605496676580e+01
1.449497557174898255e+01
1.449495509635434054e+01
1.449493462877989103e+01
1.449491416902261065e+01
1.449489371707952579e+01
1.449487327294765215e+01
1.449485283662400903e+01
1.449483240810562457e+01
1.449481198738948429e+01
1.449479157447265010e+01
1.449477116935211818e+01
1.449475077202491846e+01
1.449473038248807555e+01
1.449471000073859805e+01
1.449468962677352835e+01
1.449466926058989458e+01
1.449464890218471425e+01
1.449462855155502261e+01
1.449460820869785493e+01
1.449458787361024115e+01
1.449456754628919697e+01
1.449454722673178075e+01
1.449452691493500645e+01
1.449450661089592174e+01
1.449448631461157078e+01
1.449446602607896750e+01
1.449444574529516316e+01
1.449442547225722144e+01
1.449440520696214385e+01
1.449438494940700650e+01
1.449436469958883400e+01
1.449434445750466161e+01
1.449432422315157432e+01
1.449430399652658075e+01
1.449428377762675169e+01
1.449426356644912595e+01
1.449424336299075122e+01
1.449422316724870186e+01
1.449420297922000422e+01
1.449418279890173622e+01
1.449416262629092245e+01
